image_width: 640
image_height: 480
camera_name: /entebot208/camera_node

camera_matrix:
  rows: 3
  cols: 3
  data:
    - 303.7147330985588
    - 0.0
    - 343.52259445997214
    - 0.0
    - 302.6830475048866
    - 187.4872589994892
    - 0.0
    - 0.0
    - 1.0

distortion_model: plumb_bob

distortion_coefficients:
  rows: 1
  cols: 5
  data:
    - -0.3111239682691795
    - 0.14400271438079454
    - 0.007621391101343633
    - 0.0008591719509062855
    - -0.05359445241988574

rectification_matrix:
  rows: 3
  cols: 3
  data:
    - 1
    - 0
    - 0
    - 0
    - 1
    - 0
    - 0
    - 0
    - 1

projection_matrix:
  rows: 3
  cols: 4
  data:
    - 303.7147330985588
    - 0.0
    - 343.52259445997214
    - 0.0
    - 0.0
    - 302.6830475048866
    - 187.4872589994892
    - 0.0
    - 0.0
    - 0.0
    - 1.0
    - 0.0

